DeltaT.java,net.e175.klaus.solarpositioning.DeltaT,org.pitest.mutationtest.engine.gregor.mutators.MathMutator,decimalYear,80,SURVIVED,none
DeltaT.java,net.e175.klaus.solarpositioning.DeltaT,org.pitest.mutationtest.engine.gregor.mutators.MathMutator,decimalYear,80,SURVIVED,none
DeltaT.java,net.e175.klaus.solarpositioning.DeltaT,org.pitest.mutationtest.engine.gregor.mutators.MathMutator,decimalYear,80,SURVIVED,none
DeltaT.java,net.e175.klaus.solarpositioning.DeltaT,org.pitest.mutationtest.engine.gregor.mutators.returns.PrimitiveReturnsMutator,decimalYear,80,SURVIVED,none
DeltaT.java,net.e175.klaus.solarpositioning.DeltaT,org.pitest.mutationtest.engine.gregor.mutators.ConditionalsBoundaryMutator,estimate,25,SURVIVED,none
DeltaT.java,net.e175.klaus.solarpositioning.DeltaT,org.pitest.mutationtest.engine.gregor.mutators.ConditionalsBoundaryMutator,estimate,28,SURVIVED,none
DeltaT.java,net.e175.klaus.solarpositioning.DeltaT,org.pitest.mutationtest.engine.gregor.mutators.ConditionalsBoundaryMutator,estimate,32,SURVIVED,none
DeltaT.java,net.e175.klaus.solarpositioning.DeltaT,org.pitest.mutationtest.engine.gregor.mutators.ConditionalsBoundaryMutator,estimate,36,SURVIVED,none
DeltaT.java,net.e175.klaus.solarpositioning.DeltaT,org.pitest.mutationtest.engine.gregor.mutators.ConditionalsBoundaryMutator,estimate,39,SURVIVED,none
DeltaT.java,net.e175.klaus.solarpositioning.DeltaT,org.pitest.mutationtest.engine.gregor.mutators.ConditionalsBoundaryMutator,estimate,42,SURVIVED,none
DeltaT.java,net.e175.klaus.solarpositioning.DeltaT,org.pitest.mutationtest.engine.gregor.mutators.ConditionalsBoundaryMutator,estimate,46,SURVIVED,none
DeltaT.java,net.e175.klaus.solarpositioning.DeltaT,org.pitest.mutationtest.engine.gregor.mutators.ConditionalsBoundaryMutator,estimate,50,SURVIVED,none
DeltaT.java,net.e175.klaus.solarpositioning.DeltaT,org.pitest.mutationtest.engine.gregor.mutators.ConditionalsBoundaryMutator,estimate,53,SURVIVED,none
DeltaT.java,net.e175.klaus.solarpositioning.DeltaT,org.pitest.mutationtest.engine.gregor.mutators.ConditionalsBoundaryMutator,estimate,56,SURVIVED,none
DeltaT.java,net.e175.klaus.solarpositioning.DeltaT,org.pitest.mutationtest.engine.gregor.mutators.ConditionalsBoundaryMutator,estimate,59,SURVIVED,none
DeltaT.java,net.e175.klaus.solarpositioning.DeltaT,org.pitest.mutationtest.engine.gregor.mutators.ConditionalsBoundaryMutator,estimate,62,SURVIVED,none
DeltaT.java,net.e175.klaus.solarpositioning.DeltaT,org.pitest.mutationtest.engine.gregor.mutators.ConditionalsBoundaryMutator,estimate,66,SURVIVED,none
DeltaT.java,net.e175.klaus.solarpositioning.DeltaT,org.pitest.mutationtest.engine.gregor.mutators.ConditionalsBoundaryMutator,estimate,69,SURVIVED,none
DeltaT.java,net.e175.klaus.solarpositioning.DeltaT,org.pitest.mutationtest.engine.gregor.mutators.MathMutator,estimate,26,SURVIVED,none
DeltaT.java,net.e175.klaus.solarpositioning.DeltaT,org.pitest.mutationtest.engine.gregor.mutators.MathMutator,estimate,26,SURVIVED,none
DeltaT.java,net.e175.klaus.solarpositioning.DeltaT,org.pitest.mutationtest.engine.gregor.mutators.MathMutator,estimate,27,SURVIVED,none
DeltaT.java,net.e175.klaus.solarpositioning.DeltaT,org.pitest.mutationtest.engine.gregor.mutators.MathMutator,estimate,27,SURVIVED,none
DeltaT.java,net.e175.klaus.solarpositioning.DeltaT,org.pitest.mutationtest.engine.gregor.mutators.MathMutator,estimate,29,SURVIVED,none
DeltaT.java,net.e175.klaus.solarpositioning.DeltaT,org.pitest.mutationtest.engine.gregor.mutators.MathMutator,estimate,30,SURVIVED,none
DeltaT.java,net.e175.klaus.solarpositioning.DeltaT,org.pitest.mutationtest.engine.gregor.mutators.MathMutator,estimate,30,SURVIVED,none
DeltaT.java,net.e175.klaus.solarpositioning.DeltaT,org.pitest.mutationtest.engine.gregor.mutators.MathMutator,estimate,30,SURVIVED,none
DeltaT.java,net.e175.klaus.solarpositioning.DeltaT,org.pitest.mutationtest.engine.gregor.mutators.MathMutator,estimate,30,SURVIVED,none
DeltaT.java,net.e175.klaus.solarpositioning.DeltaT,org.pitest.mutationtest.engine.gregor.mutators.MathMutator,estimate,30,SURVIVED,none
DeltaT.java,net.e175.klaus.solarpositioning.DeltaT,org.pitest.mutationtest.engine.gregor.mutators.MathMutator,estimate,30,SURVIVED,none
DeltaT.java,net.e175.klaus.solarpositioning.DeltaT,org.pitest.mutationtest.engine.gregor.mutators.MathMutator,estimate,31,SURVIVED,none
DeltaT.java,net.e175.klaus.solarpositioning.DeltaT,org.pitest.mutationtest.engine.gregor.mutators.MathMutator,estimate,31,SURVIVED,none
DeltaT.java,net.e175.klaus.solarpositioning.DeltaT,org.pitest.mutationtest.engine.gregor.mutators.MathMutator,estimate,31,SURVIVED,none
DeltaT.java,net.e175.klaus.solarpositioning.DeltaT,org.pitest.mutationtest.engine.gregor.mutators.MathMutator,estimate,31,SURVIVED,none
DeltaT.java,net.e175.klaus.solarpositioning.DeltaT,org.pitest.mutationtest.engine.gregor.mutators.MathMutator,estimate,31,SURVIVED,none
DeltaT.java,net.e175.klaus.solarpositioning.DeltaT,org.pitest.mutationtest.engine.gregor.mutators.MathMutator,estimate,31,SURVIVED,none
DeltaT.java,net.e175.klaus.solarpositioning.DeltaT,org.pitest.mutationtest.engine.gregor.mutators.MathMutator,estimate,33,SURVIVED,none
DeltaT.java,net.e175.klaus.solarpositioning.DeltaT,org.pitest.mutationtest.engine.gregor.mutators.MathMutator,estimate,33,SURVIVED,none
DeltaT.java,net.e175.klaus.solarpositioning.DeltaT,org.pitest.mutationtest.engine.gregor.mutators.MathMutator,estimate,34,SURVIVED,none
DeltaT.java,net.e175.klaus.solarpositioning.DeltaT,org.pitest.mutationtest.engine.gregor.mutators.MathMutator,estimate,34,SURVIVED,none
DeltaT.java,net.e175.klaus.solarpositioning.DeltaT,org.pitest.mutationtest.engine.gregor.mutators.MathMutator,estimate,34,SURVIVED,none
DeltaT.java,net.e175.klaus.solarpositioning.DeltaT,org.pitest.mutationtest.engine.gregor.mutators.MathMutator,estimate,34,SURVIVED,none
DeltaT.java,net.e175.klaus.solarpositioning.DeltaT,org.pitest.mutationtest.engine.gregor.mutators.MathMutator,estimate,34,SURVIVED,none
DeltaT.java,net.e175.klaus.solarpositioning.DeltaT,org.pitest.mutationtest.engine.gregor.mutators.MathMutator,estimate,34,SURVIVED,none
DeltaT.java,net.e175.klaus.solarpositioning.DeltaT,org.pitest.mutationtest.engine.gregor.mutators.MathMutator,estimate,35,SURVIVED,none
DeltaT.java,net.e175.klaus.solarpositioning.DeltaT,org.pitest.mutationtest.engine.gregor.mutators.MathMutator,estimate,35,SURVIVED,none
DeltaT.java,net.e175.klaus.solarpositioning.DeltaT,org.pitest.mutationtest.engine.gregor.mutators.MathMutator,estimate,35,SURVIVED,none
DeltaT.java,net.e175.klaus.solarpositioning.DeltaT,org.pitest.mutationtest.engine.gregor.mutators.MathMutator,estimate,35,SURVIVED,none
DeltaT.java,net.e175.klaus.solarpositioning.DeltaT,org.pitest.mutationtest.engine.gregor.mutators.MathMutator,estimate,35,SURVIVED,none
DeltaT.java,net.e175.klaus.solarpositioning.DeltaT,org.pitest.mutationtest.engine.gregor.mutators.MathMutator,estimate,35,SURVIVED,none
DeltaT.java,net.e175.klaus.solarpositioning.DeltaT,org.pitest.mutationtest.engine.gregor.mutators.MathMutator,estimate,37,SURVIVED,none
DeltaT.java,net.e175.klaus.solarpositioning.DeltaT,org.pitest.mutationtest.engine.gregor.mutators.MathMutator,estimate,38,SURVIVED,none
DeltaT.java,net.e175.klaus.solarpositioning.DeltaT,org.pitest.mutationtest.engine.gregor.mutators.MathMutator,estimate,38,SURVIVED,none
DeltaT.java,net.e175.klaus.solarpositioning.DeltaT,org.pitest.mutationtest.engine.gregor.mutators.MathMutator,estimate,38,SURVIVED,none
DeltaT.java,net.e175.klaus.solarpositioning.DeltaT,org.pitest.mutationtest.engine.gregor.mutators.MathMutator,estimate,38,SURVIVED,none
DeltaT.java,net.e175.klaus.solarpositioning.DeltaT,org.pitest.mutationtest.engine.gregor.mutators.MathMutator,estimate,38,SURVIVED,none
DeltaT.java,net.e175.klaus.solarpositioning.DeltaT,org.pitest.mutationtest.engine.gregor.mutators.MathMutator,estimate,38,SURVIVED,none
DeltaT.java,net.e175.klaus.solarpositioning.DeltaT,org.pitest.mutationtest.engine.gregor.mutators.MathMutator,estimate,40,SURVIVED,none
DeltaT.java,net.e175.klaus.solarpositioning.DeltaT,org.pitest.mutationtest.engine.gregor.mutators.MathMutator,estimate,41,SURVIVED,none
DeltaT.java,net.e175.klaus.solarpositioning.DeltaT,org.pitest.mutationtest.engine.gregor.mutators.MathMutator,estimate,41,SURVIVED,none
DeltaT.java,net.e175.klaus.solarpositioning.DeltaT,org.pitest.mutationtest.engine.gregor.mutators.MathMutator,estimate,41,SURVIVED,none
DeltaT.java,net.e175.klaus.solarpositioning.DeltaT,org.pitest.mutationtest.engine.gregor.mutators.MathMutator,estimate,41,SURVIVED,none
DeltaT.java,net.e175.klaus.solarpositioning.DeltaT,org.pitest.mutationtest.engine.gregor.mutators.MathMutator,estimate,41,SURVIVED,none
DeltaT.java,net.e175.klaus.solarpositioning.DeltaT,org.pitest.mutationtest.engine.gregor.mutators.MathMutator,estimate,41,SURVIVED,none
DeltaT.java,net.e175.klaus.solarpositioning.DeltaT,org.pitest.mutationtest.engine.gregor.mutators.MathMutator,estimate,41,SURVIVED,none
DeltaT.java,net.e175.klaus.solarpositioning.DeltaT,org.pitest.mutationtest.engine.gregor.mutators.MathMutator,estimate,41,SURVIVED,none
DeltaT.java,net.e175.klaus.solarpositioning.DeltaT,org.pitest.mutationtest.engine.gregor.mutators.MathMutator,estimate,43,SURVIVED,none
DeltaT.java,net.e175.klaus.solarpositioning.DeltaT,org.pitest.mutationtest.engine.gregor.mutators.MathMutator,estimate,44,SURVIVED,none
DeltaT.java,net.e175.klaus.solarpositioning.DeltaT,org.pitest.mutationtest.engine.gregor.mutators.MathMutator,estimate,44,SURVIVED,none
DeltaT.java,net.e175.klaus.solarpositioning.DeltaT,org.pitest.mutationtest.engine.gregor.mutators.MathMutator,estimate,44,SURVIVED,none
DeltaT.java,net.e175.klaus.solarpositioning.DeltaT,org.pitest.mutationtest.engine.gregor.mutators.MathMutator,estimate,44,SURVIVED,none
DeltaT.java,net.e175.klaus.solarpositioning.DeltaT,org.pitest.mutationtest.engine.gregor.mutators.MathMutator,estimate,44,SURVIVED,none
DeltaT.java,net.e175.klaus.solarpositioning.DeltaT,org.pitest.mutationtest.engine.gregor.mutators.MathMutator,estimate,44,SURVIVED,none
DeltaT.java,net.e175.klaus.solarpositioning.DeltaT,org.pitest.mutationtest.engine.gregor.mutators.MathMutator,estimate,44,SURVIVED,none
DeltaT.java,net.e175.klaus.solarpositioning.DeltaT,org.pitest.mutationtest.engine.gregor.mutators.MathMutator,estimate,44,SURVIVED,none
DeltaT.java,net.e175.klaus.solarpositioning.DeltaT,org.pitest.mutationtest.engine.gregor.mutators.MathMutator,estimate,45,SURVIVED,none
DeltaT.java,net.e175.klaus.solarpositioning.DeltaT,org.pitest.mutationtest.engine.gregor.mutators.MathMutator,estimate,45,SURVIVED,none
DeltaT.java,net.e175.klaus.solarpositioning.DeltaT,org.pitest.mutationtest.engine.gregor.mutators.MathMutator,estimate,45,SURVIVED,none
DeltaT.java,net.e175.klaus.solarpositioning.DeltaT,org.pitest.mutationtest.engine.gregor.mutators.MathMutator,estimate,45,SURVIVED,none
DeltaT.java,net.e175.klaus.solarpositioning.DeltaT,org.pitest.mutationtest.engine.gregor.mutators.MathMutator,estimate,45,SURVIVED,none
DeltaT.java,net.e175.klaus.solarpositioning.DeltaT,org.pitest.mutationtest.engine.gregor.mutators.MathMutator,estimate,45,SURVIVED,none
DeltaT.java,net.e175.klaus.solarpositioning.DeltaT,org.pitest.mutationtest.engine.gregor.mutators.MathMutator,estimate,47,SURVIVED,none
DeltaT.java,net.e175.klaus.solarpositioning.DeltaT,org.pitest.mutationtest.engine.gregor.mutators.MathMutator,estimate,48,SURVIVED,none
DeltaT.java,net.e175.klaus.solarpositioning.DeltaT,org.pitest.mutationtest.engine.gregor.mutators.MathMutator,estimate,48,SURVIVED,none
DeltaT.java,net.e175.klaus.solarpositioning.DeltaT,org.pitest.mutationtest.engine.gregor.mutators.MathMutator,estimate,48,SURVIVED,none
DeltaT.java,net.e175.klaus.solarpositioning.DeltaT,org.pitest.mutationtest.engine.gregor.mutators.MathMutator,estimate,48,SURVIVED,none
DeltaT.java,net.e175.klaus.solarpositioning.DeltaT,org.pitest.mutationtest.engine.gregor.mutators.MathMutator,estimate,48,SURVIVED,none
DeltaT.java,net.e175.klaus.solarpositioning.DeltaT,org.pitest.mutationtest.engine.gregor.mutators.MathMutator,estimate,48,SURVIVED,none
DeltaT.java,net.e175.klaus.solarpositioning.DeltaT,org.pitest.mutationtest.engine.gregor.mutators.MathMutator,estimate,49,SURVIVED,none
DeltaT.java,net.e175.klaus.solarpositioning.DeltaT,org.pitest.mutationtest.engine.gregor.mutators.MathMutator,estimate,49,SURVIVED,none
DeltaT.java,net.e175.klaus.solarpositioning.DeltaT,org.pitest.mutationtest.engine.gregor.mutators.MathMutator,estimate,49,SURVIVED,none
DeltaT.java,net.e175.klaus.solarpositioning.DeltaT,org.pitest.mutationtest.engine.gregor.mutators.MathMutator,estimate,49,SURVIVED,none
DeltaT.java,net.e175.klaus.solarpositioning.DeltaT,org.pitest.mutationtest.engine.gregor.mutators.MathMutator,estimate,51,SURVIVED,none
DeltaT.java,net.e175.klaus.solarpositioning.DeltaT,org.pitest.mutationtest.engine.gregor.mutators.MathMutator,estimate,52,SURVIVED,none
DeltaT.java,net.e175.klaus.solarpositioning.DeltaT,org.pitest.mutationtest.engine.gregor.mutators.MathMutator,estimate,52,SURVIVED,none
DeltaT.java,net.e175.klaus.solarpositioning.DeltaT,org.pitest.mutationtest.engine.gregor.mutators.MathMutator,estimate,52,SURVIVED,none
DeltaT.java,net.e175.klaus.solarpositioning.DeltaT,org.pitest.mutationtest.engine.gregor.mutators.MathMutator,estimate,52,SURVIVED,none
DeltaT.java,net.e175.klaus.solarpositioning.DeltaT,org.pitest.mutationtest.engine.gregor.mutators.MathMutator,estimate,52,SURVIVED,none
DeltaT.java,net.e175.klaus.solarpositioning.DeltaT,org.pitest.mutationtest.engine.gregor.mutators.MathMutator,estimate,52,SURVIVED,none
DeltaT.java,net.e175.klaus.solarpositioning.DeltaT,org.pitest.mutationtest.engine.gregor.mutators.MathMutator,estimate,52,SURVIVED,none
DeltaT.java,net.e175.klaus.solarpositioning.DeltaT,org.pitest.mutationtest.engine.gregor.mutators.MathMutator,estimate,52,SURVIVED,none
DeltaT.java,net.e175.klaus.solarpositioning.DeltaT,org.pitest.mutationtest.engine.gregor.mutators.MathMutator,estimate,54,SURVIVED,none
DeltaT.java,net.e175.klaus.solarpositioning.DeltaT,org.pitest.mutationtest.engine.gregor.mutators.MathMutator,estimate,55,SURVIVED,none
DeltaT.java,net.e175.klaus.solarpositioning.DeltaT,org.pitest.mutationtest.engine.gregor.mutators.MathMutator,estimate,55,SURVIVED,none
DeltaT.java,net.e175.klaus.solarpositioning.DeltaT,org.pitest.mutationtest.engine.gregor.mutators.MathMutator,estimate,55,SURVIVED,none
DeltaT.java,net.e175.klaus.solarpositioning.DeltaT,org.pitest.mutationtest.engine.gregor.mutators.MathMutator,estimate,55,SURVIVED,none
DeltaT.java,net.e175.klaus.solarpositioning.DeltaT,org.pitest.mutationtest.engine.gregor.mutators.MathMutator,estimate,55,SURVIVED,none
DeltaT.java,net.e175.klaus.solarpositioning.DeltaT,org.pitest.mutationtest.engine.gregor.mutators.MathMutator,estimate,55,SURVIVED,none
DeltaT.java,net.e175.klaus.solarpositioning.DeltaT,org.pitest.mutationtest.engine.gregor.mutators.MathMutator,estimate,57,SURVIVED,none
DeltaT.java,net.e175.klaus.solarpositioning.DeltaT,org.pitest.mutationtest.engine.gregor.mutators.MathMutator,estimate,58,SURVIVED,none
DeltaT.java,net.e175.klaus.solarpositioning.DeltaT,org.pitest.mutationtest.engine.gregor.mutators.MathMutator,estimate,58,SURVIVED,none
DeltaT.java,net.e175.klaus.solarpositioning.DeltaT,org.pitest.mutationtest.engine.gregor.mutators.MathMutator,estimate,58,SURVIVED,none
DeltaT.java,net.e175.klaus.solarpositioning.DeltaT,org.pitest.mutationtest.engine.gregor.mutators.MathMutator,estimate,58,SURVIVED,none
DeltaT.java,net.e175.klaus.solarpositioning.DeltaT,org.pitest.mutationtest.engine.gregor.mutators.MathMutator,estimate,58,SURVIVED,none
DeltaT.java,net.e175.klaus.solarpositioning.DeltaT,org.pitest.mutationtest.engine.gregor.mutators.MathMutator,estimate,58,SURVIVED,none
DeltaT.java,net.e175.klaus.solarpositioning.DeltaT,org.pitest.mutationtest.engine.gregor.mutators.MathMutator,estimate,60,SURVIVED,none
DeltaT.java,net.e175.klaus.solarpositioning.DeltaT,org.pitest.mutationtest.engine.gregor.mutators.MathMutator,estimate,61,SURVIVED,none
DeltaT.java,net.e175.klaus.solarpositioning.DeltaT,org.pitest.mutationtest.engine.gregor.mutators.MathMutator,estimate,61,SURVIVED,none
DeltaT.java,net.e175.klaus.solarpositioning.DeltaT,org.pitest.mutationtest.engine.gregor.mutators.MathMutator,estimate,61,SURVIVED,none
DeltaT.java,net.e175.klaus.solarpositioning.DeltaT,org.pitest.mutationtest.engine.gregor.mutators.MathMutator,estimate,61,SURVIVED,none
DeltaT.java,net.e175.klaus.solarpositioning.DeltaT,org.pitest.mutationtest.engine.gregor.mutators.MathMutator,estimate,61,SURVIVED,none
DeltaT.java,net.e175.klaus.solarpositioning.DeltaT,org.pitest.mutationtest.engine.gregor.mutators.MathMutator,estimate,61,SURVIVED,none
DeltaT.java,net.e175.klaus.solarpositioning.DeltaT,org.pitest.mutationtest.engine.gregor.mutators.MathMutator,estimate,63,SURVIVED,none
DeltaT.java,net.e175.klaus.solarpositioning.DeltaT,org.pitest.mutationtest.engine.gregor.mutators.MathMutator,estimate,64,SURVIVED,none
DeltaT.java,net.e175.klaus.solarpositioning.DeltaT,org.pitest.mutationtest.engine.gregor.mutators.MathMutator,estimate,64,SURVIVED,none
DeltaT.java,net.e175.klaus.solarpositioning.DeltaT,org.pitest.mutationtest.engine.gregor.mutators.MathMutator,estimate,64,SURVIVED,none
DeltaT.java,net.e175.klaus.solarpositioning.DeltaT,org.pitest.mutationtest.engine.gregor.mutators.MathMutator,estimate,64,SURVIVED,none
DeltaT.java,net.e175.klaus.solarpositioning.DeltaT,org.pitest.mutationtest.engine.gregor.mutators.MathMutator,estimate,64,SURVIVED,none
DeltaT.java,net.e175.klaus.solarpositioning.DeltaT,org.pitest.mutationtest.engine.gregor.mutators.MathMutator,estimate,64,SURVIVED,none
DeltaT.java,net.e175.klaus.solarpositioning.DeltaT,org.pitest.mutationtest.engine.gregor.mutators.MathMutator,estimate,64,SURVIVED,none
DeltaT.java,net.e175.klaus.solarpositioning.DeltaT,org.pitest.mutationtest.engine.gregor.mutators.MathMutator,estimate,64,SURVIVED,none
DeltaT.java,net.e175.klaus.solarpositioning.DeltaT,org.pitest.mutationtest.engine.gregor.mutators.MathMutator,estimate,65,SURVIVED,none
DeltaT.java,net.e175.klaus.solarpositioning.DeltaT,org.pitest.mutationtest.engine.gregor.mutators.MathMutator,estimate,65,SURVIVED,none
DeltaT.java,net.e175.klaus.solarpositioning.DeltaT,org.pitest.mutationtest.engine.gregor.mutators.MathMutator,estimate,67,SURVIVED,none
DeltaT.java,net.e175.klaus.solarpositioning.DeltaT,org.pitest.mutationtest.engine.gregor.mutators.MathMutator,estimate,68,SURVIVED,none
DeltaT.java,net.e175.klaus.solarpositioning.DeltaT,org.pitest.mutationtest.engine.gregor.mutators.MathMutator,estimate,68,SURVIVED,none
DeltaT.java,net.e175.klaus.solarpositioning.DeltaT,org.pitest.mutationtest.engine.gregor.mutators.MathMutator,estimate,68,SURVIVED,none
DeltaT.java,net.e175.klaus.solarpositioning.DeltaT,org.pitest.mutationtest.engine.gregor.mutators.MathMutator,estimate,68,SURVIVED,none
DeltaT.java,net.e175.klaus.solarpositioning.DeltaT,org.pitest.mutationtest.engine.gregor.mutators.MathMutator,estimate,70,SURVIVED,none
DeltaT.java,net.e175.klaus.solarpositioning.DeltaT,org.pitest.mutationtest.engine.gregor.mutators.MathMutator,estimate,70,SURVIVED,none
DeltaT.java,net.e175.klaus.solarpositioning.DeltaT,org.pitest.mutationtest.engine.gregor.mutators.MathMutator,estimate,70,SURVIVED,none
DeltaT.java,net.e175.klaus.solarpositioning.DeltaT,org.pitest.mutationtest.engine.gregor.mutators.MathMutator,estimate,70,SURVIVED,none
DeltaT.java,net.e175.klaus.solarpositioning.DeltaT,org.pitest.mutationtest.engine.gregor.mutators.MathMutator,estimate,70,SURVIVED,none
DeltaT.java,net.e175.klaus.solarpositioning.DeltaT,org.pitest.mutationtest.engine.gregor.mutators.MathMutator,estimate,70,SURVIVED,none
DeltaT.java,net.e175.klaus.solarpositioning.DeltaT,org.pitest.mutationtest.engine.gregor.mutators.MathMutator,estimate,70,SURVIVED,none
DeltaT.java,net.e175.klaus.solarpositioning.DeltaT,org.pitest.mutationtest.engine.gregor.mutators.MathMutator,estimate,72,SURVIVED,none
DeltaT.java,net.e175.klaus.solarpositioning.DeltaT,org.pitest.mutationtest.engine.gregor.mutators.MathMutator,estimate,72,SURVIVED,none
DeltaT.java,net.e175.klaus.solarpositioning.DeltaT,org.pitest.mutationtest.engine.gregor.mutators.MathMutator,estimate,73,SURVIVED,none
DeltaT.java,net.e175.klaus.solarpositioning.DeltaT,org.pitest.mutationtest.engine.gregor.mutators.MathMutator,estimate,73,SURVIVED,none
DeltaT.java,net.e175.klaus.solarpositioning.DeltaT,org.pitest.mutationtest.engine.gregor.mutators.NegateConditionalsMutator,estimate,25,SURVIVED,none
DeltaT.java,net.e175.klaus.solarpositioning.DeltaT,org.pitest.mutationtest.engine.gregor.mutators.NegateConditionalsMutator,estimate,28,SURVIVED,none
DeltaT.java,net.e175.klaus.solarpositioning.DeltaT,org.pitest.mutationtest.engine.gregor.mutators.NegateConditionalsMutator,estimate,32,SURVIVED,none
DeltaT.java,net.e175.klaus.solarpositioning.DeltaT,org.pitest.mutationtest.engine.gregor.mutators.NegateConditionalsMutator,estimate,36,SURVIVED,none
DeltaT.java,net.e175.klaus.solarpositioning.DeltaT,org.pitest.mutationtest.engine.gregor.mutators.NegateConditionalsMutator,estimate,39,SURVIVED,none
DeltaT.java,net.e175.klaus.solarpositioning.DeltaT,org.pitest.mutationtest.engine.gregor.mutators.NegateConditionalsMutator,estimate,42,SURVIVED,none
DeltaT.java,net.e175.klaus.solarpositioning.DeltaT,org.pitest.mutationtest.engine.gregor.mutators.NegateConditionalsMutator,estimate,46,SURVIVED,none
DeltaT.java,net.e175.klaus.solarpositioning.DeltaT,org.pitest.mutationtest.engine.gregor.mutators.NegateConditionalsMutator,estimate,50,SURVIVED,none
DeltaT.java,net.e175.klaus.solarpositioning.DeltaT,org.pitest.mutationtest.engine.gregor.mutators.NegateConditionalsMutator,estimate,53,SURVIVED,none
DeltaT.java,net.e175.klaus.solarpositioning.DeltaT,org.pitest.mutationtest.engine.gregor.mutators.NegateConditionalsMutator,estimate,56,SURVIVED,none
DeltaT.java,net.e175.klaus.solarpositioning.DeltaT,org.pitest.mutationtest.engine.gregor.mutators.NegateConditionalsMutator,estimate,59,SURVIVED,none
DeltaT.java,net.e175.klaus.solarpositioning.DeltaT,org.pitest.mutationtest.engine.gregor.mutators.NegateConditionalsMutator,estimate,62,SURVIVED,none
DeltaT.java,net.e175.klaus.solarpositioning.DeltaT,org.pitest.mutationtest.engine.gregor.mutators.NegateConditionalsMutator,estimate,66,SURVIVED,none
DeltaT.java,net.e175.klaus.solarpositioning.DeltaT,org.pitest.mutationtest.engine.gregor.mutators.NegateConditionalsMutator,estimate,69,SURVIVED,none
DeltaT.java,net.e175.klaus.solarpositioning.DeltaT,org.pitest.mutationtest.engine.gregor.mutators.returns.PrimitiveReturnsMutator,estimate,76,KILLED,net.e175.klaus.solarpositioning.GeneratedEstimateYearBefore500BCTest.estimateYearBefore500BCTest(net.e175.klaus.solarpositioning.GeneratedEstimateYearBefore500BCTest)
