TextNode.java,org.jsoup.nodes.TextNode,org.pitest.mutationtest.engine.gregor.mutators.returns.NullReturnValsMutator,clone,118,KILLED,org.jsoup.nodes.GeneratedTestClone.testClone(org.jsoup.nodes.GeneratedTestClone)
TextNode.java,org.jsoup.nodes.TextNode,org.pitest.mutationtest.engine.gregor.mutators.returns.NullReturnValsMutator,createFromEncoded,128,NO_COVERAGE,none
TextNode.java,org.jsoup.nodes.TextNode,org.pitest.mutationtest.engine.gregor.mutators.returns.EmptyObjectReturnValsMutator,getWholeText,51,KILLED,org.jsoup.nodes.GeneratedTestGetWholeText.testGetWholeText(org.jsoup.nodes.GeneratedTestGetWholeText)
TextNode.java,org.jsoup.nodes.TextNode,org.pitest.mutationtest.engine.gregor.mutators.returns.BooleanFalseReturnValsMutator,isBlank,59,SURVIVED,none
TextNode.java,org.jsoup.nodes.TextNode,org.pitest.mutationtest.engine.gregor.mutators.returns.BooleanTrueReturnValsMutator,isBlank,59,KILLED,org.jsoup.nodes.GeneratedTestIsBlank.testIsBlank(org.jsoup.nodes.GeneratedTestIsBlank)
TextNode.java,org.jsoup.nodes.TextNode,org.pitest.mutationtest.engine.gregor.mutators.MathMutator,lastCharIsWhitespace,141,NO_COVERAGE,none
TextNode.java,org.jsoup.nodes.TextNode,org.pitest.mutationtest.engine.gregor.mutators.NegateConditionalsMutator,lastCharIsWhitespace,141,NO_COVERAGE,none
TextNode.java,org.jsoup.nodes.TextNode,org.pitest.mutationtest.engine.gregor.mutators.NegateConditionalsMutator,lastCharIsWhitespace,141,NO_COVERAGE,none
TextNode.java,org.jsoup.nodes.TextNode,org.pitest.mutationtest.engine.gregor.mutators.returns.BooleanTrueReturnValsMutator,lastCharIsWhitespace,141,NO_COVERAGE,none
TextNode.java,org.jsoup.nodes.TextNode,org.pitest.mutationtest.engine.gregor.mutators.returns.EmptyObjectReturnValsMutator,nodeName,24,KILLED,org.jsoup.nodes.GeneratedTestNodeName.testNodeName(org.jsoup.nodes.GeneratedTestNodeName)
TextNode.java,org.jsoup.nodes.TextNode,org.pitest.mutationtest.engine.gregor.mutators.returns.EmptyObjectReturnValsMutator,normaliseWhitespace,133,NO_COVERAGE,none
TextNode.java,org.jsoup.nodes.TextNode,org.pitest.mutationtest.engine.gregor.mutators.ConditionalsBoundaryMutator,outerHtmlHead,102,NO_COVERAGE,none
TextNode.java,org.jsoup.nodes.TextNode,org.pitest.mutationtest.engine.gregor.mutators.NegateConditionalsMutator,outerHtmlHead,85,SURVIVED,none
TextNode.java,org.jsoup.nodes.TextNode,org.pitest.mutationtest.engine.gregor.mutators.NegateConditionalsMutator,outerHtmlHead,86,SURVIVED,none
TextNode.java,org.jsoup.nodes.TextNode,org.pitest.mutationtest.engine.gregor.mutators.NegateConditionalsMutator,outerHtmlHead,86,SURVIVED,none
TextNode.java,org.jsoup.nodes.TextNode,org.pitest.mutationtest.engine.gregor.mutators.NegateConditionalsMutator,outerHtmlHead,90,SURVIVED,none
TextNode.java,org.jsoup.nodes.TextNode,org.pitest.mutationtest.engine.gregor.mutators.NegateConditionalsMutator,outerHtmlHead,91,SURVIVED,none
TextNode.java,org.jsoup.nodes.TextNode,org.pitest.mutationtest.engine.gregor.mutators.NegateConditionalsMutator,outerHtmlHead,91,KILLED,org.jsoup.nodes.GeneratedTestToString.testToString(org.jsoup.nodes.GeneratedTestToString)
TextNode.java,org.jsoup.nodes.TextNode,org.pitest.mutationtest.engine.gregor.mutators.NegateConditionalsMutator,outerHtmlHead,91,NO_COVERAGE,none
TextNode.java,org.jsoup.nodes.TextNode,org.pitest.mutationtest.engine.gregor.mutators.NegateConditionalsMutator,outerHtmlHead,91,SURVIVED,none
TextNode.java,org.jsoup.nodes.TextNode,org.pitest.mutationtest.engine.gregor.mutators.NegateConditionalsMutator,outerHtmlHead,93,SURVIVED,none
TextNode.java,org.jsoup.nodes.TextNode,org.pitest.mutationtest.engine.gregor.mutators.NegateConditionalsMutator,outerHtmlHead,93,KILLED,org.jsoup.nodes.GeneratedTestToString.testToString(org.jsoup.nodes.GeneratedTestToString)
TextNode.java,org.jsoup.nodes.TextNode,org.pitest.mutationtest.engine.gregor.mutators.NegateConditionalsMutator,outerHtmlHead,93,NO_COVERAGE,none
TextNode.java,org.jsoup.nodes.TextNode,org.pitest.mutationtest.engine.gregor.mutators.NegateConditionalsMutator,outerHtmlHead,97,KILLED,org.jsoup.nodes.GeneratedTestToString.testToString(org.jsoup.nodes.GeneratedTestToString)
TextNode.java,org.jsoup.nodes.TextNode,org.pitest.mutationtest.engine.gregor.mutators.NegateConditionalsMutator,outerHtmlHead,97,NO_COVERAGE,none
TextNode.java,org.jsoup.nodes.TextNode,org.pitest.mutationtest.engine.gregor.mutators.NegateConditionalsMutator,outerHtmlHead,97,KILLED,org.jsoup.nodes.GeneratedTestToString.testToString(org.jsoup.nodes.GeneratedTestToString)
TextNode.java,org.jsoup.nodes.TextNode,org.pitest.mutationtest.engine.gregor.mutators.NegateConditionalsMutator,outerHtmlHead,98,NO_COVERAGE,none
TextNode.java,org.jsoup.nodes.TextNode,org.pitest.mutationtest.engine.gregor.mutators.NegateConditionalsMutator,outerHtmlHead,99,SURVIVED,none
TextNode.java,org.jsoup.nodes.TextNode,org.pitest.mutationtest.engine.gregor.mutators.NegateConditionalsMutator,outerHtmlHead,99,NO_COVERAGE,none
TextNode.java,org.jsoup.nodes.TextNode,org.pitest.mutationtest.engine.gregor.mutators.NegateConditionalsMutator,outerHtmlHead,101,SURVIVED,none
TextNode.java,org.jsoup.nodes.TextNode,org.pitest.mutationtest.engine.gregor.mutators.NegateConditionalsMutator,outerHtmlHead,101,KILLED,org.jsoup.nodes.GeneratedTestToString.testToString(org.jsoup.nodes.GeneratedTestToString)
TextNode.java,org.jsoup.nodes.TextNode,org.pitest.mutationtest.engine.gregor.mutators.NegateConditionalsMutator,outerHtmlHead,101,NO_COVERAGE,none
TextNode.java,org.jsoup.nodes.TextNode,org.pitest.mutationtest.engine.gregor.mutators.NegateConditionalsMutator,outerHtmlHead,101,NO_COVERAGE,none
TextNode.java,org.jsoup.nodes.TextNode,org.pitest.mutationtest.engine.gregor.mutators.NegateConditionalsMutator,outerHtmlHead,102,SURVIVED,none
TextNode.java,org.jsoup.nodes.TextNode,org.pitest.mutationtest.engine.gregor.mutators.NegateConditionalsMutator,outerHtmlHead,102,NO_COVERAGE,none
TextNode.java,org.jsoup.nodes.TextNode,org.pitest.mutationtest.engine.gregor.mutators.NegateConditionalsMutator,outerHtmlHead,102,NO_COVERAGE,none
TextNode.java,org.jsoup.nodes.TextNode,org.pitest.mutationtest.engine.gregor.mutators.VoidMethodCallMutator,outerHtmlHead,103,NO_COVERAGE,none
TextNode.java,org.jsoup.nodes.TextNode,org.pitest.mutationtest.engine.gregor.mutators.VoidMethodCallMutator,outerHtmlHead,106,KILLED,org.jsoup.nodes.GeneratedTestToString.testToString(org.jsoup.nodes.GeneratedTestToString)
TextNode.java,org.jsoup.nodes.TextNode,org.pitest.mutationtest.engine.gregor.mutators.ConditionalsBoundaryMutator,splitText,70,SURVIVED,none
TextNode.java,org.jsoup.nodes.TextNode,org.pitest.mutationtest.engine.gregor.mutators.ConditionalsBoundaryMutator,splitText,71,SURVIVED,none
TextNode.java,org.jsoup.nodes.TextNode,org.pitest.mutationtest.engine.gregor.mutators.MathMutator,splitText,78,NO_COVERAGE,none
TextNode.java,org.jsoup.nodes.TextNode,org.pitest.mutationtest.engine.gregor.mutators.NegateConditionalsMutator,splitText,70,KILLED,org.jsoup.nodes.GeneratedTestSplitText.testSplitText(org.jsoup.nodes.GeneratedTestSplitText)
TextNode.java,org.jsoup.nodes.TextNode,org.pitest.mutationtest.engine.gregor.mutators.NegateConditionalsMutator,splitText,71,KILLED,org.jsoup.nodes.GeneratedTestSplitText.testSplitText(org.jsoup.nodes.GeneratedTestSplitText)
TextNode.java,org.jsoup.nodes.TextNode,org.pitest.mutationtest.engine.gregor.mutators.NegateConditionalsMutator,splitText,77,KILLED,org.jsoup.nodes.GeneratedTestSplitText.testSplitText(org.jsoup.nodes.GeneratedTestSplitText)
TextNode.java,org.jsoup.nodes.TextNode,org.pitest.mutationtest.engine.gregor.mutators.VoidMethodCallMutator,splitText,70,SURVIVED,none
TextNode.java,org.jsoup.nodes.TextNode,org.pitest.mutationtest.engine.gregor.mutators.VoidMethodCallMutator,splitText,71,SURVIVED,none
TextNode.java,org.jsoup.nodes.TextNode,org.pitest.mutationtest.engine.gregor.mutators.VoidMethodCallMutator,splitText,78,NO_COVERAGE,none
TextNode.java,org.jsoup.nodes.TextNode,org.pitest.mutationtest.engine.gregor.mutators.returns.NullReturnValsMutator,splitText,80,KILLED,org.jsoup.nodes.GeneratedTestSplitText.testSplitText(org.jsoup.nodes.GeneratedTestSplitText)
TextNode.java,org.jsoup.nodes.TextNode,org.pitest.mutationtest.engine.gregor.mutators.returns.EmptyObjectReturnValsMutator,stripLeadingWhitespace,137,NO_COVERAGE,none
TextNode.java,org.jsoup.nodes.TextNode,org.pitest.mutationtest.engine.gregor.mutators.returns.EmptyObjectReturnValsMutator,text,33,KILLED,org.jsoup.nodes.GeneratedTestText.testText(org.jsoup.nodes.GeneratedTestText)
TextNode.java,org.jsoup.nodes.TextNode,org.pitest.mutationtest.engine.gregor.mutators.VoidMethodCallMutator,text,42,KILLED,org.jsoup.nodes.GeneratedTestSplitText.testSplitText(org.jsoup.nodes.GeneratedTestSplitText)
TextNode.java,org.jsoup.nodes.TextNode,org.pitest.mutationtest.engine.gregor.mutators.returns.NullReturnValsMutator,text,43,SURVIVED,none
TextNode.java,org.jsoup.nodes.TextNode,org.pitest.mutationtest.engine.gregor.mutators.returns.EmptyObjectReturnValsMutator,toString,113,KILLED,org.jsoup.nodes.GeneratedTestToString.testToString(org.jsoup.nodes.GeneratedTestToString)
