JacksonJsonTransformer.java,com.crowdin.client.core.http.impl.json.JacksonJsonTransformer,org.pitest.mutationtest.engine.gregor.mutators.returns.EmptyObjectReturnValsMutator,convert,66,NO_COVERAGE,none
JacksonJsonTransformer.java,com.crowdin.client.core.http.impl.json.JacksonJsonTransformer,org.pitest.mutationtest.engine.gregor.mutators.NegateConditionalsMutator,parse,57,KILLED,com.crowdin.client.core.http.impl.json.GeneratedParseStringJsonClassInvalidJsonTest.parseStringJsonClassInvalidJsonTest(com.crowdin.client.core.http.impl.json.GeneratedParseStringJsonClassInvalidJsonTest)
JacksonJsonTransformer.java,com.crowdin.client.core.http.impl.json.JacksonJsonTransformer,org.pitest.mutationtest.engine.gregor.mutators.NegateConditionalsMutator,parse,57,KILLED,com.crowdin.client.core.http.impl.json.GeneratedParseStringJsonClassInvalidJsonTest.parseStringJsonClassInvalidJsonTest(com.crowdin.client.core.http.impl.json.GeneratedParseStringJsonClassInvalidJsonTest)
JacksonJsonTransformer.java,com.crowdin.client.core.http.impl.json.JacksonJsonTransformer,org.pitest.mutationtest.engine.gregor.mutators.returns.NullReturnValsMutator,parse,58,NO_COVERAGE,none
JacksonJsonTransformer.java,com.crowdin.client.core.http.impl.json.JacksonJsonTransformer,org.pitest.mutationtest.engine.gregor.mutators.returns.NullReturnValsMutator,parse,60,KILLED,com.crowdin.client.core.http.impl.json.GeneratedParseStringJsonClassInvalidClassTest.parseStringJsonClassInvalidClassTest(com.crowdin.client.core.http.impl.json.GeneratedParseStringJsonClassInvalidClassTest)
