Grena3.java,net.e175.klaus.solarpositioning.Grena3,org.pitest.mutationtest.engine.gregor.mutators.ConditionalsBoundaryMutator,calcT,131,KILLED,net.e175.klaus.solarpositioning.GeneratedCalculateSolarPositionWithDateLatitudeLongitudeDeltaTPressureAndTemperatureTest.calculateSolarPositionWithDateLatitudeLongitudeDeltaTPressureAndTemperatureTest(net.e175.klaus.solarpositioning.GeneratedCalculateSolarPositionWithDateLatitudeLongitudeDeltaTPressureAndTemperatureTest)
Grena3.java,net.e175.klaus.solarpositioning.Grena3,org.pitest.mutationtest.engine.gregor.mutators.IncrementsMutator,calcT,132,KILLED,net.e175.klaus.solarpositioning.GeneratedCalculateSolarPositionWithDateLatitudeLongitudeDeltaTPressureAndTemperatureTest.calculateSolarPositionWithDateLatitudeLongitudeDeltaTPressureAndTemperatureTest(net.e175.klaus.solarpositioning.GeneratedCalculateSolarPositionWithDateLatitudeLongitudeDeltaTPressureAndTemperatureTest)
Grena3.java,net.e175.klaus.solarpositioning.Grena3,org.pitest.mutationtest.engine.gregor.mutators.IncrementsMutator,calcT,133,KILLED,net.e175.klaus.solarpositioning.GeneratedCalculateSolarPositionWithDateLatitudeLongitudeDeltaTPressureAndTemperatureTest.calculateSolarPositionWithDateLatitudeLongitudeDeltaTPressureAndTemperatureTest(net.e175.klaus.solarpositioning.GeneratedCalculateSolarPositionWithDateLatitudeLongitudeDeltaTPressureAndTemperatureTest)
Grena3.java,net.e175.klaus.solarpositioning.Grena3,org.pitest.mutationtest.engine.gregor.mutators.MathMutator,calcT,128,KILLED,net.e175.klaus.solarpositioning.GeneratedCalculateSolarPositionWithDateLatitudeLongitudeDeltaTPressureAndTemperatureTest.calculateSolarPositionWithDateLatitudeLongitudeDeltaTPressureAndTemperatureTest(net.e175.klaus.solarpositioning.GeneratedCalculateSolarPositionWithDateLatitudeLongitudeDeltaTPressureAndTemperatureTest)
Grena3.java,net.e175.klaus.solarpositioning.Grena3,org.pitest.mutationtest.engine.gregor.mutators.MathMutator,calcT,128,KILLED,net.e175.klaus.solarpositioning.GeneratedCalculateSolarPositionWithDateLatitudeLongitudeDeltaTPressureAndTemperatureTest.calculateSolarPositionWithDateLatitudeLongitudeDeltaTPressureAndTemperatureTest(net.e175.klaus.solarpositioning.GeneratedCalculateSolarPositionWithDateLatitudeLongitudeDeltaTPressureAndTemperatureTest)
Grena3.java,net.e175.klaus.solarpositioning.Grena3,org.pitest.mutationtest.engine.gregor.mutators.MathMutator,calcT,129,KILLED,net.e175.klaus.solarpositioning.GeneratedCalculateSolarPositionWithDateLatitudeLongitudeDeltaTPressureAndTemperatureTest.calculateSolarPositionWithDateLatitudeLongitudeDeltaTPressureAndTemperatureTest(net.e175.klaus.solarpositioning.GeneratedCalculateSolarPositionWithDateLatitudeLongitudeDeltaTPressureAndTemperatureTest)
Grena3.java,net.e175.klaus.solarpositioning.Grena3,org.pitest.mutationtest.engine.gregor.mutators.MathMutator,calcT,129,KILLED,net.e175.klaus.solarpositioning.GeneratedCalculateSolarPositionWithDateLatitudeLongitudeDeltaTPressureAndTemperatureTest.calculateSolarPositionWithDateLatitudeLongitudeDeltaTPressureAndTemperatureTest(net.e175.klaus.solarpositioning.GeneratedCalculateSolarPositionWithDateLatitudeLongitudeDeltaTPressureAndTemperatureTest)
Grena3.java,net.e175.klaus.solarpositioning.Grena3,org.pitest.mutationtest.engine.gregor.mutators.MathMutator,calcT,136,KILLED,net.e175.klaus.solarpositioning.GeneratedCalculateSolarPositionWithDateLatitudeLongitudeDeltaTPressureAndTemperatureTest.calculateSolarPositionWithDateLatitudeLongitudeDeltaTPressureAndTemperatureTest(net.e175.klaus.solarpositioning.GeneratedCalculateSolarPositionWithDateLatitudeLongitudeDeltaTPressureAndTemperatureTest)
Grena3.java,net.e175.klaus.solarpositioning.Grena3,org.pitest.mutationtest.engine.gregor.mutators.MathMutator,calcT,136,KILLED,net.e175.klaus.solarpositioning.GeneratedCalculateSolarPositionWithDateLatitudeLongitudeDeltaTPressureAndTemperatureTest.calculateSolarPositionWithDateLatitudeLongitudeDeltaTPressureAndTemperatureTest(net.e175.klaus.solarpositioning.GeneratedCalculateSolarPositionWithDateLatitudeLongitudeDeltaTPressureAndTemperatureTest)
Grena3.java,net.e175.klaus.solarpositioning.Grena3,org.pitest.mutationtest.engine.gregor.mutators.MathMutator,calcT,136,KILLED,net.e175.klaus.solarpositioning.GeneratedCalculateSolarPositionWithDateLatitudeLongitudeDeltaTPressureAndTemperatureTest.calculateSolarPositionWithDateLatitudeLongitudeDeltaTPressureAndTemperatureTest(net.e175.klaus.solarpositioning.GeneratedCalculateSolarPositionWithDateLatitudeLongitudeDeltaTPressureAndTemperatureTest)
Grena3.java,net.e175.klaus.solarpositioning.Grena3,org.pitest.mutationtest.engine.gregor.mutators.MathMutator,calcT,136,KILLED,net.e175.klaus.solarpositioning.GeneratedCalculateSolarPositionWithDateLatitudeLongitudeDeltaTPressureAndTemperatureTest.calculateSolarPositionWithDateLatitudeLongitudeDeltaTPressureAndTemperatureTest(net.e175.klaus.solarpositioning.GeneratedCalculateSolarPositionWithDateLatitudeLongitudeDeltaTPressureAndTemperatureTest)
Grena3.java,net.e175.klaus.solarpositioning.Grena3,org.pitest.mutationtest.engine.gregor.mutators.MathMutator,calcT,136,KILLED,net.e175.klaus.solarpositioning.GeneratedCalculateSolarPositionWithDateLatitudeLongitudeDeltaTPressureAndTemperatureTest.calculateSolarPositionWithDateLatitudeLongitudeDeltaTPressureAndTemperatureTest(net.e175.klaus.solarpositioning.GeneratedCalculateSolarPositionWithDateLatitudeLongitudeDeltaTPressureAndTemperatureTest)
Grena3.java,net.e175.klaus.solarpositioning.Grena3,org.pitest.mutationtest.engine.gregor.mutators.MathMutator,calcT,136,KILLED,net.e175.klaus.solarpositioning.GeneratedCalculateSolarPositionWithDateLatitudeLongitudeDeltaTPressureAndTemperatureTest.calculateSolarPositionWithDateLatitudeLongitudeDeltaTPressureAndTemperatureTest(net.e175.klaus.solarpositioning.GeneratedCalculateSolarPositionWithDateLatitudeLongitudeDeltaTPressureAndTemperatureTest)
Grena3.java,net.e175.klaus.solarpositioning.Grena3,org.pitest.mutationtest.engine.gregor.mutators.MathMutator,calcT,136,KILLED,net.e175.klaus.solarpositioning.GeneratedCalculateSolarPositionWithDateLatitudeLongitudeDeltaTPressureAndTemperatureTest.calculateSolarPositionWithDateLatitudeLongitudeDeltaTPressureAndTemperatureTest(net.e175.klaus.solarpositioning.GeneratedCalculateSolarPositionWithDateLatitudeLongitudeDeltaTPressureAndTemperatureTest)
Grena3.java,net.e175.klaus.solarpositioning.Grena3,org.pitest.mutationtest.engine.gregor.mutators.MathMutator,calcT,136,KILLED,net.e175.klaus.solarpositioning.GeneratedCalculateSolarPositionWithDateLatitudeLongitudeDeltaTPressureAndTemperatureTest.calculateSolarPositionWithDateLatitudeLongitudeDeltaTPressureAndTemperatureTest(net.e175.klaus.solarpositioning.GeneratedCalculateSolarPositionWithDateLatitudeLongitudeDeltaTPressureAndTemperatureTest)
Grena3.java,net.e175.klaus.solarpositioning.Grena3,org.pitest.mutationtest.engine.gregor.mutators.MathMutator,calcT,136,KILLED,net.e175.klaus.solarpositioning.GeneratedCalculateSolarPositionWithDateLatitudeLongitudeDeltaTPressureAndTemperatureTest.calculateSolarPositionWithDateLatitudeLongitudeDeltaTPressureAndTemperatureTest(net.e175.klaus.solarpositioning.GeneratedCalculateSolarPositionWithDateLatitudeLongitudeDeltaTPressureAndTemperatureTest)
Grena3.java,net.e175.klaus.solarpositioning.Grena3,org.pitest.mutationtest.engine.gregor.mutators.MathMutator,calcT,136,KILLED,net.e175.klaus.solarpositioning.GeneratedCalculateSolarPositionWithDateLatitudeLongitudeDeltaTPressureAndTemperatureTest.calculateSolarPositionWithDateLatitudeLongitudeDeltaTPressureAndTemperatureTest(net.e175.klaus.solarpositioning.GeneratedCalculateSolarPositionWithDateLatitudeLongitudeDeltaTPressureAndTemperatureTest)
Grena3.java,net.e175.klaus.solarpositioning.Grena3,org.pitest.mutationtest.engine.gregor.mutators.MathMutator,calcT,136,KILLED,net.e175.klaus.solarpositioning.GeneratedCalculateSolarPositionWithDateLatitudeLongitudeDeltaTPressureAndTemperatureTest.calculateSolarPositionWithDateLatitudeLongitudeDeltaTPressureAndTemperatureTest(net.e175.klaus.solarpositioning.GeneratedCalculateSolarPositionWithDateLatitudeLongitudeDeltaTPressureAndTemperatureTest)
Grena3.java,net.e175.klaus.solarpositioning.Grena3,org.pitest.mutationtest.engine.gregor.mutators.NegateConditionalsMutator,calcT,131,KILLED,net.e175.klaus.solarpositioning.GeneratedCalculateSolarPositionWithDateLatitudeLongitudeDeltaTPressureAndTemperatureTest.calculateSolarPositionWithDateLatitudeLongitudeDeltaTPressureAndTemperatureTest(net.e175.klaus.solarpositioning.GeneratedCalculateSolarPositionWithDateLatitudeLongitudeDeltaTPressureAndTemperatureTest)
Grena3.java,net.e175.klaus.solarpositioning.Grena3,org.pitest.mutationtest.engine.gregor.mutators.returns.PrimitiveReturnsMutator,calcT,136,KILLED,net.e175.klaus.solarpositioning.GeneratedCalculateSolarPositionWithDateLatitudeLongitudeDeltaTPressureAndTemperatureTest.calculateSolarPositionWithDateLatitudeLongitudeDeltaTPressureAndTemperatureTest(net.e175.klaus.solarpositioning.GeneratedCalculateSolarPositionWithDateLatitudeLongitudeDeltaTPressureAndTemperatureTest)
Grena3.java,net.e175.klaus.solarpositioning.Grena3,org.pitest.mutationtest.engine.gregor.mutators.returns.NullReturnValsMutator,calculateSolarPosition,45,KILLED,net.e175.klaus.solarpositioning.GeneratedCalculateSolarPositionWithDateLatitudeLongitudeAndDeltaTTest.calculateSolarPositionWithDateLatitudeLongitudeAndDeltaTTest(net.e175.klaus.solarpositioning.GeneratedCalculateSolarPositionWithDateLatitudeLongitudeAndDeltaTTest)
Grena3.java,net.e175.klaus.solarpositioning.Grena3,org.pitest.mutationtest.engine.gregor.mutators.ConditionalsBoundaryMutator,calculateSolarPosition,86,KILLED,net.e175.klaus.solarpositioning.GeneratedCalculateSolarPositionWithDateLatitudeLongitudeDeltaTPressureAndTemperatureTest.calculateSolarPositionWithDateLatitudeLongitudeDeltaTPressureAndTemperatureTest(net.e175.klaus.solarpositioning.GeneratedCalculateSolarPositionWithDateLatitudeLongitudeDeltaTPressureAndTemperatureTest)
Grena3.java,net.e175.klaus.solarpositioning.Grena3,org.pitest.mutationtest.engine.gregor.mutators.ConditionalsBoundaryMutator,calculateSolarPosition,94,KILLED,net.e175.klaus.solarpositioning.GeneratedCalculateSolarPositionWithDateLatitudeLongitudeDeltaTPressureAndTemperatureTest.calculateSolarPositionWithDateLatitudeLongitudeDeltaTPressureAndTemperatureTest(net.e175.klaus.solarpositioning.GeneratedCalculateSolarPositionWithDateLatitudeLongitudeDeltaTPressureAndTemperatureTest)
Grena3.java,net.e175.klaus.solarpositioning.Grena3,org.pitest.mutationtest.engine.gregor.mutators.ConditionalsBoundaryMutator,calculateSolarPosition,112,KILLED,net.e175.klaus.solarpositioning.GeneratedCalculateSolarPositionWithDateLatitudeLongitudeDeltaTPressureAndTemperatureTest.calculateSolarPositionWithDateLatitudeLongitudeDeltaTPressureAndTemperatureTest(net.e175.klaus.solarpositioning.GeneratedCalculateSolarPositionWithDateLatitudeLongitudeDeltaTPressureAndTemperatureTest)
Grena3.java,net.e175.klaus.solarpositioning.Grena3,org.pitest.mutationtest.engine.gregor.mutators.ConditionalsBoundaryMutator,calculateSolarPosition,112,KILLED,net.e175.klaus.solarpositioning.GeneratedCalculateSolarPositionWithDateLatitudeLongitudeDeltaTPressureAndTemperatureTest.calculateSolarPositionWithDateLatitudeLongitudeDeltaTPressureAndTemperatureTest(net.e175.klaus.solarpositioning.GeneratedCalculateSolarPositionWithDateLatitudeLongitudeDeltaTPressureAndTemperatureTest)
Grena3.java,net.e175.klaus.solarpositioning.Grena3,org.pitest.mutationtest.engine.gregor.mutators.ConditionalsBoundaryMutator,calculateSolarPosition,112,KILLED,net.e175.klaus.solarpositioning.GeneratedCalculateSolarPositionWithDateLatitudeLongitudeDeltaTPressureAndTemperatureTest.calculateSolarPositionWithDateLatitudeLongitudeDeltaTPressureAndTemperatureTest(net.e175.klaus.solarpositioning.GeneratedCalculateSolarPositionWithDateLatitudeLongitudeDeltaTPressureAndTemperatureTest)
Grena3.java,net.e175.klaus.solarpositioning.Grena3,org.pitest.mutationtest.engine.gregor.mutators.ConditionalsBoundaryMutator,calculateSolarPosition,112,KILLED,net.e175.klaus.solarpositioning.GeneratedCalculateSolarPositionWithDateLatitudeLongitudeDeltaTPressureAndTemperatureTest.calculateSolarPositionWithDateLatitudeLongitudeDeltaTPressureAndTemperatureTest(net.e175.klaus.solarpositioning.GeneratedCalculateSolarPositionWithDateLatitudeLongitudeDeltaTPressureAndTemperatureTest)
Grena3.java,net.e175.klaus.solarpositioning.Grena3,org.pitest.mutationtest.engine.gregor.mutators.ConditionalsBoundaryMutator,calculateSolarPosition,113,KILLED,net.e175.klaus.solarpositioning.GeneratedCalculateSolarPositionWithDateLatitudeLongitudeDeltaTPressureAndTemperatureTest.calculateSolarPositionWithDateLatitudeLongitudeDeltaTPressureAndTemperatureTest(net.e175.klaus.solarpositioning.GeneratedCalculateSolarPositionWithDateLatitudeLongitudeDeltaTPressureAndTemperatureTest)
Grena3.java,net.e175.klaus.solarpositioning.Grena3,org.pitest.mutationtest.engine.gregor.mutators.MathMutator,calculateSolarPosition,72,KILLED,net.e175.klaus.solarpositioning.GeneratedCalculateSolarPositionWithDateLatitudeLongitudeDeltaTPressureAndTemperatureTest.calculateSolarPositionWithDateLatitudeLongitudeDeltaTPressureAndTemperatureTest(net.e175.klaus.solarpositioning.GeneratedCalculateSolarPositionWithDateLatitudeLongitudeDeltaTPressureAndTemperatureTest)
Grena3.java,net.e175.klaus.solarpositioning.Grena3,org.pitest.mutationtest.engine.gregor.mutators.MathMutator,calculateSolarPosition,72,KILLED,net.e175.klaus.solarpositioning.GeneratedCalculateSolarPositionWithDateLatitudeLongitudeDeltaTPressureAndTemperatureTest.calculateSolarPositionWithDateLatitudeLongitudeDeltaTPressureAndTemperatureTest(net.e175.klaus.solarpositioning.GeneratedCalculateSolarPositionWithDateLatitudeLongitudeDeltaTPressureAndTemperatureTest)
Grena3.java,net.e175.klaus.solarpositioning.Grena3,org.pitest.mutationtest.engine.gregor.mutators.MathMutator,calculateSolarPosition,73,KILLED,net.e175.klaus.solarpositioning.GeneratedCalculateSolarPositionWithDateLatitudeLongitudeDeltaTPressureAndTemperatureTest.calculateSolarPositionWithDateLatitudeLongitudeDeltaTPressureAndTemperatureTest(net.e175.klaus.solarpositioning.GeneratedCalculateSolarPositionWithDateLatitudeLongitudeDeltaTPressureAndTemperatureTest)
Grena3.java,net.e175.klaus.solarpositioning.Grena3,org.pitest.mutationtest.engine.gregor.mutators.MathMutator,calculateSolarPosition,75,KILLED,net.e175.klaus.solarpositioning.GeneratedCalculateSolarPositionWithDateLatitudeLongitudeDeltaTPressureAndTemperatureTest.calculateSolarPositionWithDateLatitudeLongitudeDeltaTPressureAndTemperatureTest(net.e175.klaus.solarpositioning.GeneratedCalculateSolarPositionWithDateLatitudeLongitudeDeltaTPressureAndTemperatureTest)
Grena3.java,net.e175.klaus.solarpositioning.Grena3,org.pitest.mutationtest.engine.gregor.mutators.MathMutator,calculateSolarPosition,75,KILLED,net.e175.klaus.solarpositioning.GeneratedCalculateSolarPositionWithDateLatitudeLongitudeDeltaTPressureAndTemperatureTest.calculateSolarPositionWithDateLatitudeLongitudeDeltaTPressureAndTemperatureTest(net.e175.klaus.solarpositioning.GeneratedCalculateSolarPositionWithDateLatitudeLongitudeDeltaTPressureAndTemperatureTest)
Grena3.java,net.e175.klaus.solarpositioning.Grena3,org.pitest.mutationtest.engine.gregor.mutators.MathMutator,calculateSolarPosition,75,KILLED,net.e175.klaus.solarpositioning.GeneratedCalculateSolarPositionWithDateLatitudeLongitudeDeltaTPressureAndTemperatureTest.calculateSolarPositionWithDateLatitudeLongitudeDeltaTPressureAndTemperatureTest(net.e175.klaus.solarpositioning.GeneratedCalculateSolarPositionWithDateLatitudeLongitudeDeltaTPressureAndTemperatureTest)
Grena3.java,net.e175.klaus.solarpositioning.Grena3,org.pitest.mutationtest.engine.gregor.mutators.MathMutator,calculateSolarPosition,75,KILLED,net.e175.klaus.solarpositioning.GeneratedCalculateSolarPositionWithDateLatitudeLongitudeDeltaTPressureAndTemperatureTest.calculateSolarPositionWithDateLatitudeLongitudeDeltaTPressureAndTemperatureTest(net.e175.klaus.solarpositioning.GeneratedCalculateSolarPositionWithDateLatitudeLongitudeDeltaTPressureAndTemperatureTest)
Grena3.java,net.e175.klaus.solarpositioning.Grena3,org.pitest.mutationtest.engine.gregor.mutators.MathMutator,calculateSolarPosition,75,KILLED,net.e175.klaus.solarpositioning.GeneratedCalculateSolarPositionWithDateLatitudeLongitudeDeltaTPressureAndTemperatureTest.calculateSolarPositionWithDateLatitudeLongitudeDeltaTPressureAndTemperatureTest(net.e175.klaus.solarpositioning.GeneratedCalculateSolarPositionWithDateLatitudeLongitudeDeltaTPressureAndTemperatureTest)
Grena3.java,net.e175.klaus.solarpositioning.Grena3,org.pitest.mutationtest.engine.gregor.mutators.MathMutator,calculateSolarPosition,75,KILLED,net.e175.klaus.solarpositioning.GeneratedCalculateSolarPositionWithDateLatitudeLongitudeDeltaTPressureAndTemperatureTest.calculateSolarPositionWithDateLatitudeLongitudeDeltaTPressureAndTemperatureTest(net.e175.klaus.solarpositioning.GeneratedCalculateSolarPositionWithDateLatitudeLongitudeDeltaTPressureAndTemperatureTest)
Grena3.java,net.e175.klaus.solarpositioning.Grena3,org.pitest.mutationtest.engine.gregor.mutators.MathMutator,calculateSolarPosition,75,KILLED,net.e175.klaus.solarpositioning.GeneratedCalculateSolarPositionWithDateLatitudeLongitudeDeltaTPressureAndTemperatureTest.calculateSolarPositionWithDateLatitudeLongitudeDeltaTPressureAndTemperatureTest(net.e175.klaus.solarpositioning.GeneratedCalculateSolarPositionWithDateLatitudeLongitudeDeltaTPressureAndTemperatureTest)
Grena3.java,net.e175.klaus.solarpositioning.Grena3,org.pitest.mutationtest.engine.gregor.mutators.MathMutator,calculateSolarPosition,76,KILLED,net.e175.klaus.solarpositioning.GeneratedCalculateSolarPositionWithDateLatitudeLongitudeDeltaTPressureAndTemperatureTest.calculateSolarPositionWithDateLatitudeLongitudeDeltaTPressureAndTemperatureTest(net.e175.klaus.solarpositioning.GeneratedCalculateSolarPositionWithDateLatitudeLongitudeDeltaTPressureAndTemperatureTest)
Grena3.java,net.e175.klaus.solarpositioning.Grena3,org.pitest.mutationtest.engine.gregor.mutators.MathMutator,calculateSolarPosition,76,KILLED,net.e175.klaus.solarpositioning.GeneratedCalculateSolarPositionWithDateLatitudeLongitudeDeltaTPressureAndTemperatureTest.calculateSolarPositionWithDateLatitudeLongitudeDeltaTPressureAndTemperatureTest(net.e175.klaus.solarpositioning.GeneratedCalculateSolarPositionWithDateLatitudeLongitudeDeltaTPressureAndTemperatureTest)
Grena3.java,net.e175.klaus.solarpositioning.Grena3,org.pitest.mutationtest.engine.gregor.mutators.MathMutator,calculateSolarPosition,78,KILLED,net.e175.klaus.solarpositioning.GeneratedCalculateSolarPositionWithDateLatitudeLongitudeDeltaTPressureAndTemperatureTest.calculateSolarPositionWithDateLatitudeLongitudeDeltaTPressureAndTemperatureTest(net.e175.klaus.solarpositioning.GeneratedCalculateSolarPositionWithDateLatitudeLongitudeDeltaTPressureAndTemperatureTest)
Grena3.java,net.e175.klaus.solarpositioning.Grena3,org.pitest.mutationtest.engine.gregor.mutators.MathMutator,calculateSolarPosition,78,KILLED,net.e175.klaus.solarpositioning.GeneratedCalculateSolarPositionWithDateLatitudeLongitudeDeltaTPressureAndTemperatureTest.calculateSolarPositionWithDateLatitudeLongitudeDeltaTPressureAndTemperatureTest(net.e175.klaus.solarpositioning.GeneratedCalculateSolarPositionWithDateLatitudeLongitudeDeltaTPressureAndTemperatureTest)
Grena3.java,net.e175.klaus.solarpositioning.Grena3,org.pitest.mutationtest.engine.gregor.mutators.MathMutator,calculateSolarPosition,83,KILLED,net.e175.klaus.solarpositioning.GeneratedCalculateSolarPositionWithDateLatitudeLongitudeDeltaTPressureAndTemperatureTest.calculateSolarPositionWithDateLatitudeLongitudeDeltaTPressureAndTemperatureTest(net.e175.klaus.solarpositioning.GeneratedCalculateSolarPositionWithDateLatitudeLongitudeDeltaTPressureAndTemperatureTest)
Grena3.java,net.e175.klaus.solarpositioning.Grena3,org.pitest.mutationtest.engine.gregor.mutators.MathMutator,calculateSolarPosition,83,KILLED,net.e175.klaus.solarpositioning.GeneratedCalculateSolarPositionWithDateLatitudeLongitudeDeltaTPressureAndTemperatureTest.calculateSolarPositionWithDateLatitudeLongitudeDeltaTPressureAndTemperatureTest(net.e175.klaus.solarpositioning.GeneratedCalculateSolarPositionWithDateLatitudeLongitudeDeltaTPressureAndTemperatureTest)
Grena3.java,net.e175.klaus.solarpositioning.Grena3,org.pitest.mutationtest.engine.gregor.mutators.MathMutator,calculateSolarPosition,85,KILLED,net.e175.klaus.solarpositioning.GeneratedCalculateSolarPositionWithDateLatitudeLongitudeDeltaTPressureAndTemperatureTest.calculateSolarPositionWithDateLatitudeLongitudeDeltaTPressureAndTemperatureTest(net.e175.klaus.solarpositioning.GeneratedCalculateSolarPositionWithDateLatitudeLongitudeDeltaTPressureAndTemperatureTest)
Grena3.java,net.e175.klaus.solarpositioning.Grena3,org.pitest.mutationtest.engine.gregor.mutators.MathMutator,calculateSolarPosition,87,KILLED,net.e175.klaus.solarpositioning.GeneratedCalculateSolarPositionWithDateLatitudeLongitudeDeltaTPressureAndTemperatureTest.calculateSolarPositionWithDateLatitudeLongitudeDeltaTPressureAndTemperatureTest(net.e175.klaus.solarpositioning.GeneratedCalculateSolarPositionWithDateLatitudeLongitudeDeltaTPressureAndTemperatureTest)
Grena3.java,net.e175.klaus.solarpositioning.Grena3,org.pitest.mutationtest.engine.gregor.mutators.MathMutator,calculateSolarPosition,90,KILLED,net.e175.klaus.solarpositioning.GeneratedCalculateSolarPositionWithDateLatitudeLongitudeDeltaTPressureAndTemperatureTest.calculateSolarPositionWithDateLatitudeLongitudeDeltaTPressureAndTemperatureTest(net.e175.klaus.solarpositioning.GeneratedCalculateSolarPositionWithDateLatitudeLongitudeDeltaTPressureAndTemperatureTest)
Grena3.java,net.e175.klaus.solarpositioning.Grena3,org.pitest.mutationtest.engine.gregor.mutators.MathMutator,calculateSolarPosition,92,KILLED,net.e175.klaus.solarpositioning.GeneratedCalculateSolarPositionWithDateLatitudeLongitudeDeltaTPressureAndTemperatureTest.calculateSolarPositionWithDateLatitudeLongitudeDeltaTPressureAndTemperatureTest(net.e175.klaus.solarpositioning.GeneratedCalculateSolarPositionWithDateLatitudeLongitudeDeltaTPressureAndTemperatureTest)
Grena3.java,net.e175.klaus.solarpositioning.Grena3,org.pitest.mutationtest.engine.gregor.mutators.MathMutator,calculateSolarPosition,92,KILLED,net.e175.klaus.solarpositioning.GeneratedCalculateSolarPositionWithDateLatitudeLongitudeDeltaTPressureAndTemperatureTest.calculateSolarPositionWithDateLatitudeLongitudeDeltaTPressureAndTemperatureTest(net.e175.klaus.solarpositioning.GeneratedCalculateSolarPositionWithDateLatitudeLongitudeDeltaTPressureAndTemperatureTest)
Grena3.java,net.e175.klaus.solarpositioning.Grena3,org.pitest.mutationtest.engine.gregor.mutators.MathMutator,calculateSolarPosition,92,KILLED,net.e175.klaus.solarpositioning.GeneratedCalculateSolarPositionWithDateLatitudeLongitudeDeltaTPressureAndTemperatureTest.calculateSolarPositionWithDateLatitudeLongitudeDeltaTPressureAndTemperatureTest(net.e175.klaus.solarpositioning.GeneratedCalculateSolarPositionWithDateLatitudeLongitudeDeltaTPressureAndTemperatureTest)
Grena3.java,net.e175.klaus.solarpositioning.Grena3,org.pitest.mutationtest.engine.gregor.mutators.MathMutator,calculateSolarPosition,92,KILLED,net.e175.klaus.solarpositioning.GeneratedCalculateSolarPositionWithDateLatitudeLongitudeDeltaTPressureAndTemperatureTest.calculateSolarPositionWithDateLatitudeLongitudeDeltaTPressureAndTemperatureTest(net.e175.klaus.solarpositioning.GeneratedCalculateSolarPositionWithDateLatitudeLongitudeDeltaTPressureAndTemperatureTest)
Grena3.java,net.e175.klaus.solarpositioning.Grena3,org.pitest.mutationtest.engine.gregor.mutators.MathMutator,calculateSolarPosition,93,KILLED,net.e175.klaus.solarpositioning.GeneratedCalculateSolarPositionWithDateLatitudeLongitudeDeltaTPressureAndTemperatureTest.calculateSolarPositionWithDateLatitudeLongitudeDeltaTPressureAndTemperatureTest(net.e175.klaus.solarpositioning.GeneratedCalculateSolarPositionWithDateLatitudeLongitudeDeltaTPressureAndTemperatureTest)
Grena3.java,net.e175.klaus.solarpositioning.Grena3,org.pitest.mutationtest.engine.gregor.mutators.MathMutator,calculateSolarPosition,93,KILLED,net.e175.klaus.solarpositioning.GeneratedCalculateSolarPositionWithDateLatitudeLongitudeDeltaTPressureAndTemperatureTest.calculateSolarPositionWithDateLatitudeLongitudeDeltaTPressureAndTemperatureTest(net.e175.klaus.solarpositioning.GeneratedCalculateSolarPositionWithDateLatitudeLongitudeDeltaTPressureAndTemperatureTest)
Grena3.java,net.e175.klaus.solarpositioning.Grena3,org.pitest.mutationtest.engine.gregor.mutators.MathMutator,calculateSolarPosition,93,KILLED,net.e175.klaus.solarpositioning.GeneratedCalculateSolarPositionWithDateLatitudeLongitudeDeltaTPressureAndTemperatureTest.calculateSolarPositionWithDateLatitudeLongitudeDeltaTPressureAndTemperatureTest(net.e175.klaus.solarpositioning.GeneratedCalculateSolarPositionWithDateLatitudeLongitudeDeltaTPressureAndTemperatureTest)
Grena3.java,net.e175.klaus.solarpositioning.Grena3,org.pitest.mutationtest.engine.gregor.mutators.MathMutator,calculateSolarPosition,95,KILLED,net.e175.klaus.solarpositioning.GeneratedCalculateSolarPositionWithDateLatitudeLongitudeDeltaTPressureAndTemperatureTest.calculateSolarPositionWithDateLatitudeLongitudeDeltaTPressureAndTemperatureTest(net.e175.klaus.solarpositioning.GeneratedCalculateSolarPositionWithDateLatitudeLongitudeDeltaTPressureAndTemperatureTest)
Grena3.java,net.e175.klaus.solarpositioning.Grena3,org.pitest.mutationtest.engine.gregor.mutators.MathMutator,calculateSolarPosition,100,KILLED,net.e175.klaus.solarpositioning.GeneratedCalculateSolarPositionWithDateLatitudeLongitudeDeltaTPressureAndTemperatureTest.calculateSolarPositionWithDateLatitudeLongitudeDeltaTPressureAndTemperatureTest(net.e175.klaus.solarpositioning.GeneratedCalculateSolarPositionWithDateLatitudeLongitudeDeltaTPressureAndTemperatureTest)
Grena3.java,net.e175.klaus.solarpositioning.Grena3,org.pitest.mutationtest.engine.gregor.mutators.MathMutator,calculateSolarPosition,100,KILLED,net.e175.klaus.solarpositioning.GeneratedCalculateSolarPositionWithDateLatitudeLongitudeDeltaTPressureAndTemperatureTest.calculateSolarPositionWithDateLatitudeLongitudeDeltaTPressureAndTemperatureTest(net.e175.klaus.solarpositioning.GeneratedCalculateSolarPositionWithDateLatitudeLongitudeDeltaTPressureAndTemperatureTest)
Grena3.java,net.e175.klaus.solarpositioning.Grena3,org.pitest.mutationtest.engine.gregor.mutators.MathMutator,calculateSolarPosition,102,KILLED,net.e175.klaus.solarpositioning.GeneratedCalculateSolarPositionWithDateLatitudeLongitudeDeltaTPressureAndTemperatureTest.calculateSolarPositionWithDateLatitudeLongitudeDeltaTPressureAndTemperatureTest(net.e175.klaus.solarpositioning.GeneratedCalculateSolarPositionWithDateLatitudeLongitudeDeltaTPressureAndTemperatureTest)
Grena3.java,net.e175.klaus.solarpositioning.Grena3,org.pitest.mutationtest.engine.gregor.mutators.MathMutator,calculateSolarPosition,102,KILLED,net.e175.klaus.solarpositioning.GeneratedCalculateSolarPositionWithDateLatitudeLongitudeDeltaTPressureAndTemperatureTest.calculateSolarPositionWithDateLatitudeLongitudeDeltaTPressureAndTemperatureTest(net.e175.klaus.solarpositioning.GeneratedCalculateSolarPositionWithDateLatitudeLongitudeDeltaTPressureAndTemperatureTest)
Grena3.java,net.e175.klaus.solarpositioning.Grena3,org.pitest.mutationtest.engine.gregor.mutators.MathMutator,calculateSolarPosition,106,KILLED,net.e175.klaus.solarpositioning.GeneratedCalculateSolarPositionWithDateLatitudeLongitudeDeltaTPressureAndTemperatureTest.calculateSolarPositionWithDateLatitudeLongitudeDeltaTPressureAndTemperatureTest(net.e175.klaus.solarpositioning.GeneratedCalculateSolarPositionWithDateLatitudeLongitudeDeltaTPressureAndTemperatureTest)
Grena3.java,net.e175.klaus.solarpositioning.Grena3,org.pitest.mutationtest.engine.gregor.mutators.MathMutator,calculateSolarPosition,106,KILLED,net.e175.klaus.solarpositioning.GeneratedCalculateSolarPositionWithDateLatitudeLongitudeDeltaTPressureAndTemperatureTest.calculateSolarPositionWithDateLatitudeLongitudeDeltaTPressureAndTemperatureTest(net.e175.klaus.solarpositioning.GeneratedCalculateSolarPositionWithDateLatitudeLongitudeDeltaTPressureAndTemperatureTest)
Grena3.java,net.e175.klaus.solarpositioning.Grena3,org.pitest.mutationtest.engine.gregor.mutators.MathMutator,calculateSolarPosition,106,KILLED,net.e175.klaus.solarpositioning.GeneratedCalculateSolarPositionWithDateLatitudeLongitudeDeltaTPressureAndTemperatureTest.calculateSolarPositionWithDateLatitudeLongitudeDeltaTPressureAndTemperatureTest(net.e175.klaus.solarpositioning.GeneratedCalculateSolarPositionWithDateLatitudeLongitudeDeltaTPressureAndTemperatureTest)
Grena3.java,net.e175.klaus.solarpositioning.Grena3,org.pitest.mutationtest.engine.gregor.mutators.MathMutator,calculateSolarPosition,106,KILLED,net.e175.klaus.solarpositioning.GeneratedCalculateSolarPositionWithDateLatitudeLongitudeDeltaTPressureAndTemperatureTest.calculateSolarPositionWithDateLatitudeLongitudeDeltaTPressureAndTemperatureTest(net.e175.klaus.solarpositioning.GeneratedCalculateSolarPositionWithDateLatitudeLongitudeDeltaTPressureAndTemperatureTest)
Grena3.java,net.e175.klaus.solarpositioning.Grena3,org.pitest.mutationtest.engine.gregor.mutators.MathMutator,calculateSolarPosition,107,KILLED,net.e175.klaus.solarpositioning.GeneratedCalculateSolarPositionWithDateLatitudeLongitudeDeltaTPressureAndTemperatureTest.calculateSolarPositionWithDateLatitudeLongitudeDeltaTPressureAndTemperatureTest(net.e175.klaus.solarpositioning.GeneratedCalculateSolarPositionWithDateLatitudeLongitudeDeltaTPressureAndTemperatureTest)
Grena3.java,net.e175.klaus.solarpositioning.Grena3,org.pitest.mutationtest.engine.gregor.mutators.MathMutator,calculateSolarPosition,107,KILLED,net.e175.klaus.solarpositioning.GeneratedCalculateSolarPositionWithDateLatitudeLongitudeDeltaTPressureAndTemperatureTest.calculateSolarPositionWithDateLatitudeLongitudeDeltaTPressureAndTemperatureTest(net.e175.klaus.solarpositioning.GeneratedCalculateSolarPositionWithDateLatitudeLongitudeDeltaTPressureAndTemperatureTest)
Grena3.java,net.e175.klaus.solarpositioning.Grena3,org.pitest.mutationtest.engine.gregor.mutators.MathMutator,calculateSolarPosition,107,KILLED,net.e175.klaus.solarpositioning.GeneratedCalculateSolarPositionWithDateLatitudeLongitudeDeltaTPressureAndTemperatureTest.calculateSolarPositionWithDateLatitudeLongitudeDeltaTPressureAndTemperatureTest(net.e175.klaus.solarpositioning.GeneratedCalculateSolarPositionWithDateLatitudeLongitudeDeltaTPressureAndTemperatureTest)
Grena3.java,net.e175.klaus.solarpositioning.Grena3,org.pitest.mutationtest.engine.gregor.mutators.MathMutator,calculateSolarPosition,107,KILLED,net.e175.klaus.solarpositioning.GeneratedCalculateSolarPositionWithDateLatitudeLongitudeDeltaTPressureAndTemperatureTest.calculateSolarPositionWithDateLatitudeLongitudeDeltaTPressureAndTemperatureTest(net.e175.klaus.solarpositioning.GeneratedCalculateSolarPositionWithDateLatitudeLongitudeDeltaTPressureAndTemperatureTest)
Grena3.java,net.e175.klaus.solarpositioning.Grena3,org.pitest.mutationtest.engine.gregor.mutators.MathMutator,calculateSolarPosition,108,KILLED,net.e175.klaus.solarpositioning.GeneratedCalculateSolarPositionWithDateLatitudeLongitudeDeltaTPressureAndTemperatureTest.calculateSolarPositionWithDateLatitudeLongitudeDeltaTPressureAndTemperatureTest(net.e175.klaus.solarpositioning.GeneratedCalculateSolarPositionWithDateLatitudeLongitudeDeltaTPressureAndTemperatureTest)
Grena3.java,net.e175.klaus.solarpositioning.Grena3,org.pitest.mutationtest.engine.gregor.mutators.MathMutator,calculateSolarPosition,108,KILLED,net.e175.klaus.solarpositioning.GeneratedCalculateSolarPositionWithDateLatitudeLongitudeDeltaTPressureAndTemperatureTest.calculateSolarPositionWithDateLatitudeLongitudeDeltaTPressureAndTemperatureTest(net.e175.klaus.solarpositioning.GeneratedCalculateSolarPositionWithDateLatitudeLongitudeDeltaTPressureAndTemperatureTest)
Grena3.java,net.e175.klaus.solarpositioning.Grena3,org.pitest.mutationtest.engine.gregor.mutators.MathMutator,calculateSolarPosition,108,KILLED,net.e175.klaus.solarpositioning.GeneratedCalculateSolarPositionWithDateLatitudeLongitudeDeltaTPressureAndTemperatureTest.calculateSolarPositionWithDateLatitudeLongitudeDeltaTPressureAndTemperatureTest(net.e175.klaus.solarpositioning.GeneratedCalculateSolarPositionWithDateLatitudeLongitudeDeltaTPressureAndTemperatureTest)
Grena3.java,net.e175.klaus.solarpositioning.Grena3,org.pitest.mutationtest.engine.gregor.mutators.MathMutator,calculateSolarPosition,108,KILLED,net.e175.klaus.solarpositioning.GeneratedCalculateSolarPositionWithDateLatitudeLongitudeDeltaTPressureAndTemperatureTest.calculateSolarPositionWithDateLatitudeLongitudeDeltaTPressureAndTemperatureTest(net.e175.klaus.solarpositioning.GeneratedCalculateSolarPositionWithDateLatitudeLongitudeDeltaTPressureAndTemperatureTest)
Grena3.java,net.e175.klaus.solarpositioning.Grena3,org.pitest.mutationtest.engine.gregor.mutators.MathMutator,calculateSolarPosition,113,NO_COVERAGE,none
Grena3.java,net.e175.klaus.solarpositioning.Grena3,org.pitest.mutationtest.engine.gregor.mutators.MathMutator,calculateSolarPosition,113,NO_COVERAGE,none
Grena3.java,net.e175.klaus.solarpositioning.Grena3,org.pitest.mutationtest.engine.gregor.mutators.MathMutator,calculateSolarPosition,113,NO_COVERAGE,none
Grena3.java,net.e175.klaus.solarpositioning.Grena3,org.pitest.mutationtest.engine.gregor.mutators.MathMutator,calculateSolarPosition,113,NO_COVERAGE,none
Grena3.java,net.e175.klaus.solarpositioning.Grena3,org.pitest.mutationtest.engine.gregor.mutators.MathMutator,calculateSolarPosition,113,NO_COVERAGE,none
Grena3.java,net.e175.klaus.solarpositioning.Grena3,org.pitest.mutationtest.engine.gregor.mutators.MathMutator,calculateSolarPosition,113,NO_COVERAGE,none
Grena3.java,net.e175.klaus.solarpositioning.Grena3,org.pitest.mutationtest.engine.gregor.mutators.MathMutator,calculateSolarPosition,113,NO_COVERAGE,none
Grena3.java,net.e175.klaus.solarpositioning.Grena3,org.pitest.mutationtest.engine.gregor.mutators.MathMutator,calculateSolarPosition,113,NO_COVERAGE,none
Grena3.java,net.e175.klaus.solarpositioning.Grena3,org.pitest.mutationtest.engine.gregor.mutators.MathMutator,calculateSolarPosition,116,KILLED,net.e175.klaus.solarpositioning.GeneratedCalculateSolarPositionWithDateLatitudeLongitudeDeltaTPressureAndTemperatureTest.calculateSolarPositionWithDateLatitudeLongitudeDeltaTPressureAndTemperatureTest(net.e175.klaus.solarpositioning.GeneratedCalculateSolarPositionWithDateLatitudeLongitudeDeltaTPressureAndTemperatureTest)
Grena3.java,net.e175.klaus.solarpositioning.Grena3,org.pitest.mutationtest.engine.gregor.mutators.MathMutator,calculateSolarPosition,116,KILLED,net.e175.klaus.solarpositioning.GeneratedCalculateSolarPositionWithDateLatitudeLongitudeDeltaTPressureAndTemperatureTest.calculateSolarPositionWithDateLatitudeLongitudeDeltaTPressureAndTemperatureTest(net.e175.klaus.solarpositioning.GeneratedCalculateSolarPositionWithDateLatitudeLongitudeDeltaTPressureAndTemperatureTest)
Grena3.java,net.e175.klaus.solarpositioning.Grena3,org.pitest.mutationtest.engine.gregor.mutators.MathMutator,calculateSolarPosition,118,KILLED,net.e175.klaus.solarpositioning.GeneratedCalculateSolarPositionWithDateLatitudeLongitudeDeltaTPressureAndTemperatureTest.calculateSolarPositionWithDateLatitudeLongitudeDeltaTPressureAndTemperatureTest(net.e175.klaus.solarpositioning.GeneratedCalculateSolarPositionWithDateLatitudeLongitudeDeltaTPressureAndTemperatureTest)
Grena3.java,net.e175.klaus.solarpositioning.Grena3,org.pitest.mutationtest.engine.gregor.mutators.MathMutator,calculateSolarPosition,118,KILLED,net.e175.klaus.solarpositioning.GeneratedCalculateSolarPositionWithDateLatitudeLongitudeDeltaTPressureAndTemperatureTest.calculateSolarPositionWithDateLatitudeLongitudeDeltaTPressureAndTemperatureTest(net.e175.klaus.solarpositioning.GeneratedCalculateSolarPositionWithDateLatitudeLongitudeDeltaTPressureAndTemperatureTest)
Grena3.java,net.e175.klaus.solarpositioning.Grena3,org.pitest.mutationtest.engine.gregor.mutators.NegateConditionalsMutator,calculateSolarPosition,86,KILLED,net.e175.klaus.solarpositioning.GeneratedCalculateSolarPositionWithDateLatitudeLongitudeDeltaTPressureAndTemperatureTest.calculateSolarPositionWithDateLatitudeLongitudeDeltaTPressureAndTemperatureTest(net.e175.klaus.solarpositioning.GeneratedCalculateSolarPositionWithDateLatitudeLongitudeDeltaTPressureAndTemperatureTest)
Grena3.java,net.e175.klaus.solarpositioning.Grena3,org.pitest.mutationtest.engine.gregor.mutators.NegateConditionalsMutator,calculateSolarPosition,94,KILLED,net.e175.klaus.solarpositioning.GeneratedCalculateSolarPositionWithDateLatitudeLongitudeDeltaTPressureAndTemperatureTest.calculateSolarPositionWithDateLatitudeLongitudeDeltaTPressureAndTemperatureTest(net.e175.klaus.solarpositioning.GeneratedCalculateSolarPositionWithDateLatitudeLongitudeDeltaTPressureAndTemperatureTest)
Grena3.java,net.e175.klaus.solarpositioning.Grena3,org.pitest.mutationtest.engine.gregor.mutators.NegateConditionalsMutator,calculateSolarPosition,112,KILLED,net.e175.klaus.solarpositioning.GeneratedCalculateSolarPositionWithDateLatitudeLongitudeDeltaTPressureAndTemperatureTest.calculateSolarPositionWithDateLatitudeLongitudeDeltaTPressureAndTemperatureTest(net.e175.klaus.solarpositioning.GeneratedCalculateSolarPositionWithDateLatitudeLongitudeDeltaTPressureAndTemperatureTest)
Grena3.java,net.e175.klaus.solarpositioning.Grena3,org.pitest.mutationtest.engine.gregor.mutators.NegateConditionalsMutator,calculateSolarPosition,112,KILLED,net.e175.klaus.solarpositioning.GeneratedCalculateSolarPositionWithDateLatitudeLongitudeDeltaTPressureAndTemperatureTest.calculateSolarPositionWithDateLatitudeLongitudeDeltaTPressureAndTemperatureTest(net.e175.klaus.solarpositioning.GeneratedCalculateSolarPositionWithDateLatitudeLongitudeDeltaTPressureAndTemperatureTest)
Grena3.java,net.e175.klaus.solarpositioning.Grena3,org.pitest.mutationtest.engine.gregor.mutators.NegateConditionalsMutator,calculateSolarPosition,112,KILLED,net.e175.klaus.solarpositioning.GeneratedCalculateSolarPositionWithDateLatitudeLongitudeDeltaTPressureAndTemperatureTest.calculateSolarPositionWithDateLatitudeLongitudeDeltaTPressureAndTemperatureTest(net.e175.klaus.solarpositioning.GeneratedCalculateSolarPositionWithDateLatitudeLongitudeDeltaTPressureAndTemperatureTest)
Grena3.java,net.e175.klaus.solarpositioning.Grena3,org.pitest.mutationtest.engine.gregor.mutators.NegateConditionalsMutator,calculateSolarPosition,112,KILLED,net.e175.klaus.solarpositioning.GeneratedCalculateSolarPositionWithDateLatitudeLongitudeDeltaTPressureAndTemperatureTest.calculateSolarPositionWithDateLatitudeLongitudeDeltaTPressureAndTemperatureTest(net.e175.klaus.solarpositioning.GeneratedCalculateSolarPositionWithDateLatitudeLongitudeDeltaTPressureAndTemperatureTest)
Grena3.java,net.e175.klaus.solarpositioning.Grena3,org.pitest.mutationtest.engine.gregor.mutators.NegateConditionalsMutator,calculateSolarPosition,113,KILLED,net.e175.klaus.solarpositioning.GeneratedCalculateSolarPositionWithDateLatitudeLongitudeDeltaTPressureAndTemperatureTest.calculateSolarPositionWithDateLatitudeLongitudeDeltaTPressureAndTemperatureTest(net.e175.klaus.solarpositioning.GeneratedCalculateSolarPositionWithDateLatitudeLongitudeDeltaTPressureAndTemperatureTest)
Grena3.java,net.e175.klaus.solarpositioning.Grena3,org.pitest.mutationtest.engine.gregor.mutators.returns.NullReturnValsMutator,calculateSolarPosition,118,KILLED,net.e175.klaus.solarpositioning.GeneratedCalculateSolarPositionWithDateLatitudeLongitudeDeltaTPressureAndTemperatureTest.calculateSolarPositionWithDateLatitudeLongitudeDeltaTPressureAndTemperatureTest(net.e175.klaus.solarpositioning.GeneratedCalculateSolarPositionWithDateLatitudeLongitudeDeltaTPressureAndTemperatureTest)
